# 20 rows x 32 cols. Row 0 is the bottom.
7 7 7 7 7 7 7 2 2 2 7 7 7 7 7 7 7 7 7 7 7 7 7 7 7 7 7 7 7 7 7 7
5 5 5 5 5 5 5 0 0 0 7 7 7 7 7 7 7 7 7 7 7 7 7 7 7 7 7 7 7 7 7 7
0 0 0 10 0 0 0 0 0 0 7 2 2 2 2 2 2 2 2 2 2 2 2 2 2 2 2 2 2 2 2 2
0 0 0 0 0 0 0 0 0 0 7 0 0 0 0 0 0 0 0 0 0 0 0 5 0 0 0 0 0 0 0 0
0 0 0 0 0 0 0 0 0 0 7 0 0 0 0 5 5 5 5 0 0 0 0 8 0 0 0 0 0 0 0 0
0 0 0 0 0 0 0 15 15 0 7 0 0 0 0 23 23 23 23 0 0 0 0 0 0 0 0 0 0 0 0 0
0 0 0 0 0 0 0 23 23 0 7 0 0 0 0 0 0 0 0 0 0 0 0 0 0 0 0 0 5 5 5 5
0 0 0 0 15 15 0 0 0 0 7 0 0 0 0 25 15 25 0 0 0 0 0 0 0 0 0 0 0 0 0 0
0 0 0 0 23 23 0 0 0 0 7 0 0 0 25 0 0 0 25 25 0 0 0 0 0 0 0 0 0 0 0 0
0 0 0 0 0 0 0 0 5 5 7 5 5 5 0 0 0 0 0 0 15 25 0 0 0 0 0 0 0 0 0 0
0 0 0 0 0 0 0 0 0 0 7 0 8 0 0 0 0 0 0 0 0 0 25 25 0 0 0 0 0 0 0 0
0 0 0 5 5 0 0 0 0 0 7 0 0 0 0 0 25 0 0 0 0 0 0 0 5 5 5 25 25 25 25 25
0 0 0 8 0 0 0 0 0 0 7 0 0 0 0 0 25 0 0 0 0 0 0 0 0 0 0 0 0 0 0 0
0 0 0 0 0 0 0 0 0 0 7 0 0 0 0 0 25 0 0 0 0 0 0 0 0 0 0 0 0 0 0 0
0 0 0 0 0 0 0 0 0 0 7 25 25 25 25 25 25 25 25 25 25 25 25 25 25 25 25 25 0 0 0 0
0 0 5 5 5 5 5 25 25 25 25 25 25 5 25 25 25 25 5 25 25 25 25 5 25 25 25 25 15 15 15 15
0 0 0 0 0 0 0 0 0 0 0 0 0 23 0 0 0 0 23 0 0 0 0 23 0 0 0 0 0 0 8 0
0 0 0 0 0 0 0 0 0 0 0 0 0 0 0 0 0 0 0 0 0 0 0 0 0 0 0 0 0 0 0 0
0 0 0 0 0 0 0 0 0 0 0 0 0 0 0 0 0 0 0 0 0 0 0 0 0 0 0 0 0 0 0 0
0 0 0 0 0 0 0 0 0 0 0 0 0 0 0 0 0 0 0 0 0 0 0 0 0 0 0 0 0 0 0 0
