# 20 rows x 32 cols. Row 0 is the bottom.
7 7 7 7 7 7 0 0 0 0 25 7 7 7 7 7 7 7 7 7 7 7 7 7 7 7 7 7 7 7 7 7
7 7 7 7 7 7 0 0 0 0 25 7 0 0 0 0 0 0 0 0 0 0 0 0 8 0 0 0 0 0 0 0
5 5 5 5 5 5 0 0 0 0 25 7 0 0 0 0 0 0 0 0 0 0 0 0 0 0 0 0 0 0 0 0
0 0 10 0 0 0 0 0 0 0 25 7 0 0 9 9 9 9 9 9 9 9 9 9 9 9 9 7 25 0 0 0
0 0 0 0 0 0 0 0 0 0 25 7 15 15 15 15 15 15 15 15 15 15 15 15 15 15 15 7 25 0 0 0
0 0 0 0 0 0 0 0 5 0 25 7 0 0 0 0 0 0 0 0 0 0 0 0 0 0 0 7 25 0 25 25
0 0 0 0 0 0 0 0 0 0 25 7 0 0 0 0 0 0 0 0 0 0 0 0 0 0 0 7 0 0 0 0
0 0 0 0 0 0 0 0 0 0 25 7 5 5 5 5 5 5 5 5 5 5 5 5 5 15 15 7 0 0 0 0
0 0 0 0 0 5 0 0 0 0 25 7 2 2 2 2 2 0 0 8 0 0 0 2 2 0 0 7 0 0 0 0
0 0 0 0 0 8 0 0 0 0 25 7 0 0 0 0 0 0 0 0 0 0 0 0 0 0 0 7 25 25 25 0
0 0 0 0 0 0 0 0 0 0 25 7 0 0 0 0 0 0 0 9 9 9 0 0 0 0 0 7 0 0 0 0
0 0 5 0 0 0 0 0 0 0 25 7 15 15 15 5 5 5 5 5 5 5 5 5 5 5 5 7 0 0 0 0
0 0 0 0 0 0 0 0 0 0 25 7 0 8 0 2 2 2 23 23 2 2 2 23 23 23 23 7 0 0 25 25
0 0 0 0 0 0 0 0 0 0 25 7 0 0 0 0 0 0 0 0 0 0 0 0 0 0 0 7 25 0 0 0
0 0 5 5 5 15 15 15 15 15 25 7 0 0 0 0 0 0 0 0 0 0 0 0 0 0 0 7 25 0 0 0
0 0 0 0 0 8 0 0 0 0 25 5 5 5 5 5 5 5 5 5 5 5 5 5 15 15 5 5 25 0 0 0
0 0 0 0 0 0 0 0 0 0 0 0 0 10 0 0 0 0 0 0 0 0 0 0 0 0 0 0 0 0 0 0
25 0 0 0 0 0 0 0 0 0 0 0 0 0 0 0 0 0 0 0 0 0 0 0 0 0 0 0 0 0 0 0
25 0 0 0 0 0 0 0 0 0 0 0 0 0 0 0 0 0 0 0 0 0 0 0 0 0 0 0 0 0 0 0
0 0 0 0 0 0 0 0 0 0 0 0 0 0 0 0 0 0 0 0 0 0 0 0 0 0 0 0 0 0 0 0
