# 20 rows x 32 cols. Row 0 is the bottom.
7 7 7 7 7 7 7 7 7 7 7 7 7 7 7 7 7 7 7 7 7 7 7 7 7 7 7 7 7 7 7 7
5 5 5 5 7 5 5 5 5 5 5 5 5 5 5 5 5 5 5 5 5 5 5 5 5 5 5 5 5 5 5 5
0 0 0 0 7 0 0 0 0 0 0 0 0 0 0 0 0 0 0 0 0 0 0 0 0 0 0 0 0 0 0 0
0 0 0 0 7 0 0 0 0 0 0 0 0 0 0 0 0 0 0 0 0 0 0 0 0 0 0 7 0 0 0 0
0 0 0 0 7 0 2 7 5 5 5 5 5 5 5 5 7 9 9 9 9 9 9 9 9 0 0 7 0 0 5 5
0 0 0 0 7 0 2 7 0 0 0 0 0 0 0 0 7 5 5 5 5 5 5 5 5 0 0 7 0 0 0 0
0 0 0 0 7 0 2 7 0 0 0 0 0 0 0 0 7 0 0 0 0 0 0 0 0 0 0 7 0 0 0 0
0 0 0 0 7 0 0 7 0 0 0 0 7 2 0 2 7 0 0 0 0 0 0 0 0 0 0 7 5 5 0 0
0 0 0 0 7 0 0 7 5 5 0 0 7 2 0 2 7 2 0 0 5 5 7 7 7 7 5 7 0 0 0 0
0 0 0 0 7 2 0 7 0 0 0 0 7 2 0 2 7 2 0 0 0 0 2 2 2 2 0 7 0 0 0 0
0 0 0 0 7 2 0 7 0 0 0 0 7 2 0 2 7 2 0 0 0 0 0 0 0 0 0 7 0 0 0 0
0 0 0 0 7 2 0 7 0 0 0 0 7 2 0 2 7 0 0 0 0 0 0 0 0 0 0 7 0 0 5 5
0 0 0 0 7 0 0 7 0 0 0 0 7 2 0 2 7 5 5 5 5 7 7 7 0 0 0 7 0 0 0 0
0 0 0 0 7 0 0 5 5 2 0 0 7 2 0 2 7 0 0 0 0 2 2 2 0 0 0 7 0 0 0 0
0 0 0 0 7 0 0 0 0 0 0 0 7 2 0 2 7 0 0 0 0 0 0 0 0 0 0 7 5 5 0 0
0 0 0 0 7 0 0 0 0 0 0 9 7 2 0 2 7 0 0 0 0 0 0 0 0 0 0 7 0 0 0 0
0 0 0 0 5 5 5 5 5 5 5 5 5 5 5 5 5 5 5 5 5 5 5 5 5 5 5 7 0 0 0 0
0 0 0 0 0 0 0 0 0 0 0 0 0 0 0 0 0 0 0 0 0 0 0 0 0 0 0 7 0 0 5 5
0 0 0 0 0 0 0 0 0 0 0 0 0 0 0 0 0 0 0 0 0 0 0 0 0 0 0 7 0 0 0 0
0 0 0 0 0 0 0 0 0 0 0 0 0 0 0 0 0 0 0 0 0 0 0 0 0 0 0 7 0 0 0 0
