# 20 rows x 32 cols. Row 0 is the bottom.
7 7 7 7 7 7 7 7 7 7 7 7 7 7 7 7 7 7 7 7 7 7 7 7 7 7 7 7 7 7 7 7
2 2 2 2 2 2 5 2 2 2 5 5 5 2 2 2 5 5 5 5 5 5 5 5 5 5 2 2 2 2 2 2
0 0 0 0 0 0 8 0 0 0 0 0 0 0 0 25 0 0 0 8 0 0 0 0 0 0 0 0 0 0 0 0
0 5 5 0 0 0 0 0 0 0 0 0 0 0 0 25 0 0 0 0 0 0 0 0 0 0 0 0 0 0 0 0
0 0 0 0 0 25 25 0 0 0 0 0 0 5 5 25 25 5 25 25 25 25 0 0 0 0 0 5 5 0 0 0
0 0 0 0 0 0 0 0 0 0 0 0 0 0 0 25 0 0 0 0 0 25 0 0 0 0 0 0 0 0 0 0
0 0 0 0 0 0 0 0 0 0 0 0 0 0 0 25 0 0 0 0 0 25 0 0 5 5 0 0 0 0 0 0
25 25 25 25 25 5 5 25 25 25 0 0 5 0 0 25 25 25 25 5 25 25 0 0 0 0 0 0 0 0 0 0
0 0 0 0 0 0 0 0 0 25 0 0 0 0 0 25 0 0 0 0 0 25 0 0 0 0 0 0 0 0 0 0
0 0 0 0 0 0 0 0 0 25 0 0 0 0 0 25 0 0 0 0 0 25 7 0 0 0 0 0 0 0 0 0
25 25 5 5 25 25 25 25 25 25 5 0 0 0 0 25 5 5 25 25 25 25 7 0 0 0 0 0 0 0 0 0
0 0 0 0 0 0 0 0 0 25 0 0 0 0 0 25 0 0 0 0 0 25 7 0 0 0 5 5 0 0 0 0
0 0 0 0 0 0 0 5 5 25 0 0 0 5 0 25 0 0 0 0 0 25 2 0 0 0 0 0 0 0 0 0
0 0 0 0 0 0 0 0 0 25 0 0 0 0 0 25 25 25 25 5 5 25 0 0 0 0 0 0 0 0 0 0
0 0 0 0 0 0 0 0 0 25 0 0 0 0 0 25 0 0 0 0 0 25 0 0 5 5 0 0 0 0 0 0
5 5 5 5 5 5 5 5 5 25 0 5 0 0 25 25 0 0 0 0 0 25 0 0 8 0 0 0 0 0 0 0
0 0 10 0 0 0 0 0 0 25 0 0 0 0 0 0 5 5 0 0 0 25 0 0 0 0 0 5 5 5 5 5
0 0 0 0 0 0 0 0 0 25 0 0 0 0 0 0 0 10 0 0 0 25 0 0 0 0 0 0 0 0 0 0
0 0 0 0 0 0 0 0 0 25 0 0 0 0 0 0 0 0 0 0 0 25 0 0 0 0 0 0 0 0 0 0
0 0 0 0 0 0 0 0 0 25 0 0 0 0 0 0 0 0 0 0 0 25 0 0 0 0 0 0 0 0 0 0
