# 20 rows x 32 cols, row 0 (bottom) first
17 17 17 17 17 17 17 17 17 17 17 17 17 17 17 17 17 17 17 17 17 17 17 17 17 17 17 17 17 17 17 17
24 24 24 24 24 24 24 24 24 24 24 24 16 16 16 16 16 17 0 0 0 0 0 0 0 0 0 0 16 0 0 0
0 0 0 0 0 0 0 0 0 0 0 0 0 0 0 0 0 17 0 0 0 0 0 17 0 0 0 0 0 16 0 0
0 0 0 0 0 17 0 0 0 0 0 0 0 0 0 0 17 17 0 0 0 0 0 17 0 0 0 0 0 0 16 16
0 0 0 0 0 17 0 0 0 0 0 0 0 16 16 16 24 24 0 0 0 0 0 2 0 0 0 0 0 0 0 0
16 16 0 0 0 17 0 0 0 0 0 0 0 0 0 0 0 0 0 0 0 0 0 0 0 0 0 16 0 0 0 0
0 18 0 0 0 16 0 0 0 16 0 0 0 0 0 0 0 0 0 0 0 0 0 17 0 16 16 0 0 0 0 0
0 0 0 0 0 0 0 0 0 0 17 0 17 0 0 0 0 0 0 0 0 0 0 17 16 0 0 0 0 0 0 0
0 0 16 0 0 0 0 0 0 0 24 16 24 0 0 9 9 9 9 9 9 9 0 17 0 0 0 0 0 16 16 16
0 16 0 0 0 0 0 0 0 0 0 0 0 0 0 17 17 17 17 17 17 17 0 24 0 0 0 0 0 0 0 0
16 0 0 0 0 0 0 0 0 0 0 0 0 0 0 0 0 0 0 0 0 16 0 17 0 0 0 16 0 0 0 0
18 0 0 0 0 0 0 0 0 0 0 0 0 0 0 0 0 0 0 0 17 0 0 17 0 0 0 0 0 0 0 0
0 0 0 0 17 17 17 17 17 17 0 0 0 0 0 0 0 0 0 16 2 0 0 17 0 16 0 0 0 0 0 0
0 0 0 0 24 24 24 24 24 24 0 0 0 0 0 0 0 0 0 0 0 0 0 17 0 0 0 0 0 17 17 17
17 17 17 0 0 0 0 0 0 0 0 0 16 16 16 16 0 0 0 0 0 0 0 17 0 0 0 0 16 24 24 24
16 16 16 0 0 0 0 0 0 0 0 0 0 18 0 0 0 0 0 0 0 0 0 17 0 0 0 0 0 0 0 0
0 10 0 0 0 0 0 0 0 0 0 0 0 0 0 0 0 0 0 0 0 0 0 2 0 16 0 0 0 0 0 0
0 0 0 0 0 0 0 0 16 16 16 16 16 16 16 16 16 16 16 0 0 0 0 0 0 0 0 0 0 16 16 17
0 0 0 0 0 0 0 0 0 0 0 0 0 0 0 0 0 18 0 0 0 0 0 17 9 9 0 0 0 0 0 17
0 0 0 0 0 0 0 0 0 0 0 0 0 0 0 0 0 0 0 0 0 0 0 17 17 17 0 0 0 0 0 17