# 20 rows x 32 cols, row 0 (bottom) first
17 17 17 17 24 24 24 24 24 24 24 24 24 24 24 24 24 0 0 0 0 0 16 24 0 0 0 0 0 0 0 18
17 17 17 17 0 0 0 0 0 0 0 0 0 0 0 0 0 0 0 0 0 0 0 0 0 0 0 0 0 0 0 0
16 16 16 16 0 0 0 0 0 0 0 0 0 0 0 0 0 0 16 0 0 0 0 0 0 0 0 0 0 16 16 16
0 10 19 0 0 0 0 0 0 0 0 0 0 0 0 0 0 0 8 16 0 0 0 0 17 17 0 0 0 0 0 0
0 0 0 0 0 0 0 0 0 0 0 0 0 0 0 0 0 0 0 0 16 0 0 0 17 17 0 0 0 0 0 0
0 0 0 0 0 0 17 17 0 0 0 0 0 0 0 0 0 0 0 0 0 16 0 0 17 17 16 0 0 0 0 0
0 0 0 0 0 0 16 16 0 0 0 0 0 0 0 0 16 0 0 0 0 0 16 0 17 17 0 0 0 0 0 0
0 0 0 0 0 0 0 0 0 0 0 0 0 0 17 0 0 0 0 0 0 0 0 0 17 17 0 0 0 0 0 0
17 17 17 17 17 0 0 0 0 0 0 0 0 0 17 0 0 0 0 0 0 0 0 0 17 17 0 0 0 16 16 16
24 24 24 24 24 0 0 0 0 0 0 0 0 0 17 0 0 0 0 0 0 0 0 0 17 17 0 0 0 0 24 24
0 0 0 0 0 0 0 0 0 17 17 0 0 0 17 0 0 0 16 0 0 0 0 0 17 17 0 0 0 0 0 0
0 0 0 0 0 0 0 0 0 16 16 0 0 0 17 0 0 0 0 0 0 0 0 0 17 17 16 0 0 0 0 0
0 0 0 0 0 0 16 0 0 0 18 0 0 0 17 0 0 0 0 0 0 0 0 0 17 17 0 0 0 0 0 0
0 0 0 0 0 0 0 0 0 0 0 0 0 0 17 0 0 0 0 0 16 16 0 0 17 17 0 0 0 16 0 0
0 0 0 16 0 0 0 0 0 0 0 0 0 0 17 0 0 16 0 0 0 24 0 0 17 17 0 0 0 18 0 0
0 0 0 0 0 0 0 0 0 0 0 0 0 0 24 0 0 0 0 0 0 0 0 0 17 17 16 0 0 0 0 0
16 0 0 0 0 0 0 0 0 0 0 0 0 0 0 0 0 0 0 0 0 0 0 0 17 17 8 0 0 0 0 0
8 0 0 0 0 0 0 16 16 16 16 16 16 16 16 16 16 16 16 16 16 16 0 0 17 17 0 0 0 16 16 16
0 0 0 0 0 0 0 0 0 0 0 18 0 0 10 0 0 0 0 0 0 0 0 0 17 17 0 0 0 31 0 0
0 0 0 0 0 0 0 0 0 0 0 0 0 0 0 0 0 0 0 0 0 0 0 0 17 17 0 0 0 0 0 0
