# 20 rows x 32 cols, row 0 (bottom) first
17 17 17 17 17 17 17 17 17 17 17 17 17 17 17 17 17 17 17 17 17 17 17 17 17 17 17 17 17 17 0 0
24 24 24 24 24 24 24 24 24 24 24 24 24 24 24 24 24 24 24 24 24 24 24 24 24 24 24 24 17 17 0 0
16 0 0 0 0 0 0 0 0 0 0 0 0 0 16 0 16 0 0 0 0 0 0 0 0 0 0 0 17 17 0 0
18 0 0 9 0 0 16 0 0 16 0 0 0 0 0 0 0 0 0 16 16 16 0 0 0 0 0 0 17 17 0 0
0 0 0 16 0 0 0 0 0 0 0 0 0 0 0 0 0 0 0 0 0 0 0 0 0 0 0 0 17 17 0 0
0 0 0 0 0 0 0 0 0 0 0 0 0 0 0 0 0 0 0 0 0 0 16 0 0 0 0 0 17 17 0 0
0 0 0 0 0 0 0 0 0 0 0 17 17 17 17 17 0 0 0 0 0 0 0 0 9 9 0 0 17 17 0 0
0 0 16 0 0 0 0 0 0 0 0 17 17 17 17 17 0 0 0 0 0 0 0 0 16 16 0 0 17 17 0 0
0 0 0 0 0 0 0 0 17 17 17 17 17 17 17 17 0 0 0 0 0 0 0 0 0 0 0 0 24 24 0 0
0 0 0 0 16 0 0 0 2 2 2 17 17 17 17 17 0 0 0 0 0 0 0 0 0 0 0 0 0 0 0 0
0 0 0 0 0 0 0 0 0 0 0 17 17 17 17 17 0 0 0 0 0 0 0 0 0 0 0 0 0 0 0 0
0 0 0 0 0 0 0 0 0 0 0 17 17 24 18 24 0 0 0 0 0 0 0 17 17 17 17 17 17 17 17 17
0 0 0 0 0 0 16 16 0 0 0 17 17 0 0 0 0 0 0 0 0 0 0 17 17 17 24 24 24 17 18 0
0 0 0 0 0 0 0 0 0 0 0 17 17 0 0 0 0 0 0 0 0 0 0 17 16 16 0 0 0 17 0 0
0 0 0 0 0 0 0 0 0 0 0 17 17 0 0 0 0 0 0 0 0 0 0 17 0 0 0 0 0 17 0 0
17 17 17 17 17 0 0 0 0 0 0 17 17 17 17 17 17 17 17 17 17 17 17 17 0 0 0 0 0 16 0 0
16 16 16 16 16 0 0 0 0 0 0 16 16 16 16 16 16 16 16 16 16 16 16 16 0 0 0 0 0 0 0 0
0 0 10 19 0 0 0 0 0 0 0 0 0 0 0 0 0 0 0 0 0 0 0 0 0 0 0 0 0 0 0 0
0 0 0 0 0 0 0 0 0 0 0 0 0 0 0 0 0 0 0 0 0 0 0 0 0 0 0 0 0 9 9 9
0 0 0 0 0 0 0 0 0 0 0 0 0 0 0 0 0 0 0 0 0 0 0 0 0 0 0 0 0 17 17 17
